Lendo o arquivo: instance_29.txt

Grafo possui 70 nos e 1208 arestas! 

Executando algoritmo Guloso...

Interferencia Total: 234.74
Grafo:
- 1 [freq:14] -> [2] [3] [4] [5] [6] [7] [8] [9] [10] [11] [12] [13] [14] [15] [16] [17] [33] [37] [40] [47] [65] [66] [67] [68] [69] [70] 
- 2 [freq:1] -> [1] [3] [4] [5] [6] [7] [8] [9] [10] [11] [12] [13] [14] [15] [16] [17] [20] [21] [22] [23] [24] [33] [34] [35] [36] [37] [38] [39] [40] [41] [42] [43] [44] [45] [46] [47] [48] [49] [50] [51] [52] [53] [54] [55] [56] [65] [66] [67] [68] [69] [70] 
- 3 [freq:1] -> [1] [2] [4] [5] [6] [7] [8] [9] [10] [11] [12] [13] [14] [15] [16] [17] [18] [19] [20] [21] [22] [23] [24] [29] [33] [37] [40] [47] [48] [65] [66] [67] [68] [69] [70] 
- 4 [freq:14] -> [1] [2] [3] [5] [6] [7] [8] [9] [10] [11] [12] [13] [14] [15] [16] [65] [66] [67] [68] [69] [70] 
- 5 [freq:7] -> [1] [2] [3] [4] [6] [7] [8] [9] [10] [11] [12] [13] [14] [15] [16] [17] [21] [24] [33] [37] [39] [40] [47] [48] [65] [66] [67] [68] [69] [70] 
- 6 [freq:6] -> [1] [2] [3] [4] [5] [7] [8] [9] [10] [11] [12] [13] [14] [15] [16] [17] [21] [24] [33] [36] [37] [39] [40] [42] [43] [44] [45] [47] [48] [51] [65] [66] [67] [68] [69] [70] 
- 7 [freq:11] -> [1] [2] [3] [4] [5] [6] [8] [9] [10] [11] [12] [13] [14] [15] [16] [17] [20] [21] [23] [24] [40] [65] [66] [67] [68] [69] [70] 
- 8 [freq:14] -> [1] [2] [3] [4] [5] [6] [7] [9] [10] [11] [12] [13] [14] [15] [16] [17] [21] [22] [24] [33] [34] [35] [36] [37] [38] [39] [40] [42] [43] [44] [45] [46] [47] [48] [50] [51] [52] [56] [65] [66] [67] [68] [69] [70] 
- 9 [freq:1] -> [1] [2] [3] [4] [5] [6] [7] [8] [10] [11] [12] [13] [14] [15] [16] [17] [18] [19] [20] [21] [22] [23] [24] [25] [27] [28] [29] [30] [31] [32] [47] [48] [65] [66] [67] [68] [70] 
- 10 [freq:9] -> [1] [2] [3] [4] [5] [6] [7] [8] [9] [11] [12] [13] [14] [15] [16] [17] [18] [19] [20] [21] [22] [23] [24] [25] [27] [28] [29] [30] [31] [32] [37] [40] [47] [48] [50] [51] [52] [65] [66] [67] [68] [69] [70] 
- 11 [freq:1] -> [1] [2] [3] [4] [5] [6] [7] [8] [9] [10] [12] [13] [14] [15] [16] [17] [18] [19] [20] [21] [22] [23] [24] [25] [27] [28] [29] [30] [31] [32] [47] [48] [50] [52] [65] [66] [67] [68] [70] 
- 12 [freq:4] -> [1] [2] [3] [4] [5] [6] [7] [8] [9] [10] [11] [13] [14] [15] [16] [17] [18] [19] [20] [21] [22] [23] [24] [29] [30] [31] [33] [36] [37] [39] [40] [42] [43] [44] [45] [46] [47] [48] [49] [50] [51] [52] [54] [56] [65] [66] [67] [68] [69] [70] 
- 13 [freq:5] -> [1] [2] [3] [4] [5] [6] [7] [8] [9] [10] [11] [12] [14] [15] [16] [17] [18] [19] [20] [21] [23] [24] [28] [29] [30] [65] [66] [67] [68] [69] [70] 
- 14 [freq:14] -> [1] [2] [3] [4] [5] [6] [7] [8] [9] [10] [11] [12] [13] [15] [16] [17] [19] [20] [21] [22] [23] [24] [29] [33] [36] [37] [39] [40] [41] [42] [43] [44] [45] [46] [47] [48] [49] [50] [51] [52] [53] [54] [55] [56] [65] [66] [67] [68] [69] [70] 
- 15 [freq:2] -> [1] [2] [3] [4] [5] [6] [7] [8] [9] [10] [11] [12] [13] [14] [16] [17] [18] [19] [20] [21] [22] [23] [24] [28] [29] [30] [40] [47] [48] [65] [66] [67] [68] [69] [70] 
- 16 [freq:8] -> [1] [2] [3] [4] [5] [6] [7] [8] [9] [10] [11] [12] [13] [14] [15] [17] [18] [19] [20] [21] [22] [23] [24] [28] [29] [30] [40] [47] [48] [65] [66] [67] [68] [69] [70] 
- 17 [freq:6] -> [1] [2] [3] [5] [6] [7] [8] [9] [10] [11] [12] [13] [14] [15] [16] [18] [19] [20] [21] [22] [23] [24] [25] [26] [27] [28] [29] [30] [31] [32] [33] [37] [39] [40] [42] [43] [44] [45] [47] [48] [49] [50] [51] [52] [53] [54] [55] [56] [59] [62] [65] [66] [68] [69] 
- 18 [freq:14] -> [3] [9] [10] [11] [12] [13] [15] [16] [17] [19] [20] [21] [22] [23] [24] [25] [26] [27] [28] [29] [30] [31] [32] [50] [66] 
- 19 [freq:14] -> [3] [9] [10] [11] [12] [13] [14] [15] [16] [17] [18] [20] [21] [22] [23] [24] [25] [26] [27] [28] [29] [30] [31] [32] [47] [48] [50] [52] [54] [59] [66] 
- 20 [freq:7] -> [2] [3] [7] [9] [10] [11] [12] [13] [14] [15] [16] [17] [18] [19] [21] [22] [23] [24] [25] [26] [27] [28] [29] [30] [31] [32] [47] [48] [49] [50] [51] [52] [53] [54] [59] [62] [65] [66] 
- 21 [freq:11] -> [2] [3] [5] [6] [7] [8] [9] [10] [11] [12] [13] [14] [15] [16] [17] [18] [19] [20] [22] [23] [24] [25] [26] [27] [28] [29] [30] [31] [32] [47] [48] [50] [52] [54] [65] [66] [68] 
- 22 [freq:5] -> [2] [3] [8] [9] [10] [11] [12] [14] [15] [16] [17] [18] [19] [20] [21] [23] [24] [25] [26] [27] [28] [29] [30] [31] [32] [42] [43] [44] [45] [47] [48] [49] [50] [51] [52] [53] [54] [55] [56] [57] [58] [59] [60] [61] [62] [63] [65] 
- 23 [freq:14] -> [2] [3] [7] [9] [10] [11] [12] [13] [14] [15] [16] [17] [18] [19] [20] [21] [22] [24] [25] [26] [27] [28] [29] [30] [31] [32] [47] [48] [49] [50] [51] [52] [53] [54] [59] [62] [65] [66] 
- 24 [freq:13] -> [2] [3] [5] [6] [7] [8] [9] [10] [11] [12] [13] [14] [15] [16] [17] [18] [19] [20] [21] [22] [23] [25] [26] [27] [28] [29] [30] [31] [32] [37] [42] [43] [44] [45] [47] [48] [49] [50] [51] [52] [53] [54] [56] [59] [62] [65] [66] 
- 25 [freq:5] -> [9] [10] [11] [17] [18] [19] [20] [21] [22] [23] [24] [26] [27] [28] [29] [30] [31] [32] [50] [52] [54] [59] [62] 
- 26 [freq:10] -> [17] [18] [19] [20] [21] [22] [23] [24] [25] [27] [28] [29] [30] [31] [32] [48] [49] [50] [51] [52] [53] [54] [57] [58] [59] [60] [61] [62] [63] [64] 
- 27 [freq:11] -> [9] [10] [11] [17] [18] [19] [20] [21] [22] [23] [24] [25] [26] [28] [29] [30] [31] [32] [50] [52] [54] [59] [62] 
- 28 [freq:1] -> [9] [10] [11] [13] [15] [16] [17] [18] [19] [20] [21] [22] [23] [24] [25] [26] [27] [29] [30] [31] [32] 
- 29 [freq:11] -> [3] [9] [10] [11] [12] [13] [14] [15] [16] [17] [18] [19] [20] [21] [22] [23] [24] [25] [26] [27] [28] [30] [31] [32] [47] [48] [49] [50] [51] [52] [53] [54] [59] [62] 
- 30 [freq:14] -> [9] [10] [11] [12] [13] [15] [16] [17] [18] [19] [20] [21] [22] [23] [24] [25] [26] [27] [28] [29] [31] [32] [47] [48] [49] [50] [52] [53] [54] [59] [62] 
- 31 [freq:7] -> [9] [10] [11] [12] [17] [18] [19] [20] [21] [22] [23] [24] [25] [26] [27] [28] [29] [30] [32] [47] [48] [49] [50] [51] [52] [53] [54] [57] [59] [60] [62] 
- 32 [freq:3] -> [9] [10] [11] [17] [18] [19] [20] [21] [22] [23] [24] [25] [26] [27] [28] [29] [30] [31] [49] [50] [52] [53] [54] [59] [62] 
- 33 [freq:11] -> [1] [2] [3] [5] [6] [8] [12] [14] [17] [34] [35] [36] [37] [38] [39] [40] [41] [42] [43] [44] [45] [46] [47] [48] [49] [50] [51] [52] [53] [54] [55] [56] [65] [69] 
- 34 [freq:5] -> [2] [8] [33] [35] [36] [37] [38] [39] [40] [41] [42] [43] [44] [45] [46] [47] [48] [51] [55] [56] [65] [69] 
- 35 [freq:1] -> [2] [8] [33] [34] [36] [37] [38] [39] [40] [41] [42] [43] [44] [45] [46] [47] [55] [56] [65] [69] 
- 36 [freq:8] -> [2] [6] [8] [12] [14] [33] [34] [35] [37] [38] [39] [40] [41] [42] [43] [44] [45] [46] [47] [48] [51] [55] [56] [65] [69] 
- 37 [freq:3] -> [1] [2] [3] [5] [6] [8] [10] [12] [14] [17] [24] [33] [34] [35] [36] [38] [39] [40] [41] [42] [43] [44] [45] [46] [47] [48] [49] [50] [51] [52] [53] [54] [55] [56] [65] [69] 
- 38 [freq:14] -> [2] [8] [33] [34] [35] [36] [37] [39] [40] [41] [42] [43] [44] [45] [46] [47] [55] [56] [65] [69] 
- 39 [freq:1] -> [2] [5] [6] [8] [12] [14] [17] [33] [34] [35] [36] [37] [38] [40] [41] [42] [43] [44] [45] [46] [47] [48] [49] [50] [51] [52] [53] [54] [55] [56] [65] [69] 
- 40 [freq:14] -> [1] [2] [3] [5] [6] [7] [8] [10] [12] [14] [15] [16] [17] [33] [34] [35] [36] [37] [38] [39] [41] [42] [43] [44] [45] [46] [47] [48] [51] [56] [65] [66] [67] [68] [69] [70] 
- 41 [freq:6] -> [2] [14] [33] [34] [35] [36] [37] [38] [39] [40] [42] [43] [44] [45] [46] [47] [48] [49] [50] [51] [52] [53] [54] [55] [56] [57] [58] [59] [60] [61] [63] [64] [65] 
- 42 [freq:9] -> [2] [6] [8] [12] [14] [17] [22] [24] [33] [34] [35] [36] [37] [38] [39] [40] [41] [43] [44] [45] [46] [47] [48] [49] [50] [51] [52] [53] [54] [55] [56] [57] [58] [59] [60] [61] [62] [63] [64] [65] [69] 
- 43 [freq:2] -> [2] [6] [8] [12] [14] [17] [22] [24] [33] [34] [35] [36] [37] [38] [39] [40] [41] [42] [44] [45] [46] [47] [48] [49] [50] [51] [52] [53] [54] [55] [56] [58] [59] [61] [63] [64] [65] [69] 
- 44 [freq:11] -> [2] [6] [8] [12] [14] [17] [22] [24] [33] [34] [35] [36] [37] [38] [39] [40] [41] [42] [43] [45] [46] [47] [48] [49] [50] [51] [52] [53] [54] [55] [56] [57] [58] [59] [60] [61] [62] [63] [64] [65] [69] 
- 45 [freq:1] -> [2] [6] [8] [12] [14] [17] [22] [24] [33] [34] [35] [36] [37] [38] [39] [40] [41] [42] [43] [44] [46] [47] [48] [49] [50] [51] [52] [53] [54] [55] [56] [57] [58] [59] [60] [61] [63] [64] [65] [69] 
- 46 [freq:6] -> [2] [8] [12] [14] [33] [34] [35] [36] [37] [38] [39] [40] [41] [42] [43] [44] [45] [47] [48] [49] [50] [51] [52] [53] [54] [55] [56] [58] [61] [63] [64] [65] [69] 
- 47 [freq:11] -> [1] [2] [3] [5] [6] [8] [9] [10] [11] [12] [14] [15] [16] [17] [19] [20] [21] [22] [23] [24] [29] [30] [31] [33] [34] [35] [36] [37] [38] [39] [40] [41] [42] [43] [44] [45] [46] [48] [49] [50] [51] [52] [53] [54] [55] [56] [59] [60] [61] [62] [63] [64] [65] [69] 
- 48 [freq:14] -> [2] [3] [5] [6] [8] [9] [10] [11] [12] [14] [15] [16] [17] [19] [20] [21] [22] [23] [24] [26] [29] [30] [31] [33] [34] [36] [37] [39] [40] [41] [42] [43] [44] [45] [46] [47] [49] [50] [51] [52] [53] [54] [55] [56] [57] [58] [59] [60] [61] [62] [63] [64] [65] [66] [69] 
- 49 [freq:5] -> [2] [12] [14] [17] [20] [22] [23] [24] [26] [29] [30] [31] [32] [33] [37] [39] [41] [42] [43] [44] [45] [46] [47] [48] [50] [51] [52] [53] [54] [55] [56] [57] [58] [59] [60] [61] [62] [63] [64] [65] 
- 50 [freq:1] -> [2] [8] [10] [11] [12] [14] [17] [18] [19] [20] [21] [22] [23] [24] [25] [26] [27] [29] [30] [31] [32] [33] [37] [39] [41] [42] [43] [44] [45] [46] [47] [48] [49] [51] [52] [53] [54] [55] [56] [57] [58] [59] [60] [61] [62] [63] [64] [65] 
- 51 [freq:1] -> [2] [6] [8] [10] [12] [14] [17] [20] [22] [23] [24] [26] [29] [31] [33] [34] [36] [37] [39] [40] [41] [42] [43] [44] [45] [46] [47] [48] [49] [50] [52] [53] [54] [55] [56] [57] [58] [59] [60] [61] [62] [63] [64] [65] [69] 
- 52 [freq:8] -> [2] [8] [10] [11] [12] [14] [17] [19] [20] [21] [22] [23] [24] [25] [26] [27] [29] [30] [31] [32] [33] [37] [39] [41] [42] [43] [44] [45] [46] [47] [48] [49] [50] [51] [53] [54] [55] [56] [57] [58] [59] [60] [61] [62] [63] [64] [65] 
- 53 [freq:12] -> [2] [14] [17] [20] [22] [23] [24] [26] [29] [30] [31] [32] [33] [37] [39] [41] [42] [43] [44] [45] [46] [47] [48] [49] [50] [51] [52] [54] [55] [56] [57] [58] [59] [60] [61] [62] [63] [64] 
- 54 [freq:14] -> [2] [12] [14] [17] [19] [20] [21] [22] [23] [24] [25] [26] [27] [29] [30] [31] [32] [33] [37] [39] [41] [42] [43] [44] [45] [46] [47] [48] [49] [50] [51] [52] [53] [55] [56] [57] [58] [59] [60] [61] [62] [63] [64] [65] 
- 55 [freq:14] -> [2] [14] [17] [22] [33] [34] [35] [36] [37] [38] [39] [41] [42] [43] [44] [45] [46] [47] [48] [49] [50] [51] [52] [53] [54] [56] [57] [58] [59] [60] [61] [62] [63] [64] [65] 
- 56 [freq:7] -> [2] [8] [12] [14] [17] [22] [24] [33] [34] [35] [36] [37] [38] [39] [40] [41] [42] [43] [44] [45] [46] [47] [48] [49] [50] [51] [52] [53] [54] [55] [57] [58] [59] [60] [61] [62] [63] [64] [65] 
- 57 [freq:11] -> [22] [26] [31] [41] [42] [44] [45] [48] [49] [50] [51] [52] [53] [54] [55] [56] [58] [59] [60] [61] [62] [63] [64] 
- 58 [freq:11] -> [22] [26] [41] [42] [43] [44] [45] [46] [48] [49] [50] [51] [52] [53] [54] [55] [56] [57] [59] [60] [61] [62] [63] [64] 
- 59 [freq:1] -> [17] [19] [20] [22] [23] [24] [25] [26] [27] [29] [30] [31] [32] [41] [42] [43] [44] [45] [47] [48] [49] [50] [51] [52] [53] [54] [55] [56] [57] [58] [60] [61] [62] [63] [64] 
- 60 [freq:3] -> [22] [26] [31] [41] [42] [44] [45] [47] [48] [49] [50] [51] [52] [53] [54] [55] [56] [57] [58] [59] [61] [62] [63] [64] 
- 61 [freq:13] -> [22] [26] [41] [42] [43] [44] [45] [46] [47] [48] [49] [50] [51] [52] [53] [54] [55] [56] [57] [58] [59] [60] [62] [63] [64] 
- 62 [freq:2] -> [17] [20] [22] [23] [24] [25] [26] [27] [29] [30] [31] [32] [42] [44] [47] [48] [49] [50] [51] [52] [53] [54] [55] [56] [57] [58] [59] [60] [61] [63] [64] 
- 63 [freq:14] -> [22] [26] [41] [42] [43] [44] [45] [46] [47] [48] [49] [50] [51] [52] [53] [54] [55] [56] [57] [58] [59] [60] [61] [62] [64] 
- 64 [freq:14] -> [26] [41] [42] [43] [44] [45] [46] [47] [48] [49] [50] [51] [52] [53] [54] [55] [56] [57] [58] [59] [60] [61] [62] [63] 
- 65 [freq:10] -> [1] [2] [3] [4] [5] [6] [7] [8] [9] [10] [11] [12] [13] [14] [15] [16] [17] [20] [21] [22] [23] [24] [33] [34] [35] [36] [37] [38] [39] [40] [41] [42] [43] [44] [45] [46] [47] [48] [49] [50] [51] [52] [54] [55] [56] [66] [67] [68] [69] [70] 
- 66 [freq:11] -> [1] [2] [3] [4] [5] [6] [7] [8] [9] [10] [11] [12] [13] [14] [15] [16] [17] [18] [19] [20] [21] [23] [24] [40] [48] [65] [67] [68] [69] [70] 
- 67 [freq:6] -> [1] [2] [3] [4] [5] [6] [7] [8] [9] [10] [11] [12] [13] [14] [15] [16] [40] [65] [66] [68] [69] [70] 
- 68 [freq:14] -> [1] [2] [3] [4] [5] [6] [7] [8] [9] [10] [11] [12] [13] [14] [15] [16] [17] [21] [40] [65] [66] [67] [69] [70] 
- 69 [freq:13] -> [1] [2] [3] [4] [5] [6] [7] [8] [10] [12] [13] [14] [15] [16] [17] [33] [34] [35] [36] [37] [38] [39] [40] [42] [43] [44] [45] [46] [47] [48] [51] [65] [66] [67] [68] [70] 
- 70 [freq:11] -> [1] [2] [3] [4] [5] [6] [7] [8] [9] [10] [11] [12] [13] [14] [15] [16] [40] [65] [66] [67] [68] [69] 

Tempo total de execucao: 0 segundos
