Lendo o arquivo: ../instancias/instancias/instance_30.txt

Grafo possui 70 nos e 1212 arestas! 

Executando algoritmo Guloso...

Interferencia Total: 233.77
Grafo:
- 1 [freq:1] -> [2] [3] [4] [5] [6] [7] [8] [9] [10] [11] [12] [13] [14] [15] [16] [20] [22] [36] [47] [65] [66] [67] [68] [69] [70] 
- 2 [freq:10] -> [1] [3] [4] [5] [6] [7] [8] [9] [10] [11] [12] [13] [14] [15] [16] [18] [20] [22] [34] [36] [41] [46] [47] [65] [66] [67] [68] [69] [70] 
- 3 [freq:1] -> [1] [2] [4] [5] [6] [7] [8] [9] [10] [11] [12] [13] [14] [15] [16] [17] [18] [19] [20] [21] [22] [23] [24] [36] [46] [47] [65] [66] [67] [68] [69] [70] 
- 4 [freq:14] -> [1] [2] [3] [5] [6] [7] [8] [9] [10] [11] [12] [13] [14] [15] [16] [17] [18] [20] [22] [23] [36] [47] [65] [66] [67] [68] [69] [70] 
- 5 [freq:14] -> [1] [2] [3] [4] [6] [7] [8] [9] [10] [11] [12] [13] [14] [15] [16] [17] [18] [19] [20] [22] [23] [24] [25] [34] [36] [37] [39] [41] [43] [45] [46] [47] [48] [50] [52] [53] [56] [65] [66] [67] [68] [69] [70] 
- 6 [freq:1] -> [1] [2] [3] [4] [5] [7] [8] [9] [10] [11] [12] [13] [14] [15] [16] [17] [18] [19] [20] [22] [23] [24] [34] [36] [41] [46] [47] [52] [65] [66] [67] [68] [69] [70] 
- 7 [freq:11] -> [1] [2] [3] [4] [5] [6] [8] [9] [10] [11] [12] [13] [14] [15] [16] [18] [20] [22] [23] [33] [34] [36] [37] [38] [39] [40] [41] [43] [45] [46] [47] [48] [52] [65] [66] [67] [68] [69] [70] 
- 8 [freq:1] -> [1] [2] [3] [4] [5] [6] [7] [9] [10] [11] [12] [13] [14] [15] [16] [20] [22] [23] [33] [34] [35] [36] [37] [38] [39] [40] [41] [43] [44] [45] [46] [47] [48] [52] [65] [66] [67] [68] [69] [70] 
- 9 [freq:14] -> [1] [2] [3] [4] [5] [6] [7] [8] [10] [11] [12] [13] [14] [15] [16] [17] [18] [19] [20] [21] [22] [23] [24] [25] [26] [27] [28] [29] [30] [31] [32] [34] [36] [41] [45] [46] [47] [48] [50] [51] [52] [53] [56] [63] [64] [65] [66] [67] [68] [69] [70] 
- 10 [freq:14] -> [1] [2] [3] [4] [5] [6] [7] [8] [9] [11] [12] [13] [14] [15] [16] [17] [18] [19] [20] [21] [22] [23] [24] [25] [26] [27] [36] [41] [46] [47] [65] [66] [67] [68] [69] [70] 
- 11 [freq:11] -> [1] [2] [3] [4] [5] [6] [7] [8] [9] [10] [12] [13] [14] [15] [16] [17] [18] [19] [20] [21] [22] [23] [24] [25] [26] [27] [29] [30] [32] [34] [36] [37] [39] [41] [42] [43] [44] [45] [46] [47] [48] [50] [51] [52] [53] [55] [56] [64] [65] [66] [67] [68] [69] [70] 
- 12 [freq:4] -> [1] [2] [3] [4] [5] [6] [7] [8] [9] [10] [11] [13] [14] [15] [16] [17] [18] [19] [20] [21] [22] [23] [24] [25] [26] [27] [28] [29] [30] [34] [36] [39] [41] [43] [44] [45] [46] [47] [48] [50] [51] [52] [53] [55] [56] [64] [65] [66] [67] [68] [69] [70] 
- 13 [freq:14] -> [1] [2] [3] [4] [5] [6] [7] [8] [9] [10] [11] [12] [14] [15] [16] [17] [18] [19] [20] [21] [22] [23] [24] [25] [26] [27] [34] [36] [41] [46] [47] [48] [50] [51] [52] [53] [56] [65] [66] [67] [68] [69] [70] 
- 14 [freq:13] -> [1] [2] [3] [4] [5] [6] [7] [8] [9] [10] [11] [12] [13] [15] [16] [17] [18] [19] [20] [21] [22] [23] [24] [25] [27] [36] [41] [46] [47] [65] [66] [67] [68] [69] [70] 
- 15 [freq:5] -> [1] [2] [3] [4] [5] [6] [7] [8] [9] [10] [11] [12] [13] [14] [16] [17] [18] [19] [20] [21] [22] [23] [24] [25] [26] [27] [30] [34] [36] [39] [41] [43] [45] [46] [47] [48] [50] [51] [52] [53] [56] [65] [66] [67] [68] [69] [70] 
- 16 [freq:9] -> [1] [2] [3] [4] [5] [6] [7] [8] [9] [10] [11] [12] [13] [14] [15] [17] [18] [19] [20] [22] [23] [24] [25] [27] [34] [36] [37] [39] [41] [43] [44] [45] [46] [47] [48] [50] [51] [52] [53] [56] [65] [66] [67] [68] [69] [70] 
- 17 [freq:11] -> [3] [4] [5] [6] [9] [10] [11] [12] [13] [14] [15] [16] [18] [19] [20] [21] [22] [23] [24] [25] [26] [27] [28] [29] [30] [31] [32] [41] [46] [47] [50] [51] [52] [53] [56] [57] [63] [64] [65] 
- 18 [freq:1] -> [2] [3] [4] [5] [6] [7] [9] [10] [11] [12] [13] [14] [15] [16] [17] [19] [20] [21] [22] [23] [24] [25] [26] [27] [28] [29] [30] [31] [32] [41] [46] [47] [50] [52] [56] [65] [68] [69] [70] 
- 19 [freq:7] -> [3] [5] [6] [9] [10] [11] [12] [13] [14] [15] [16] [17] [18] [20] [21] [22] [23] [24] [25] [26] [27] [28] [29] [30] [31] [32] [41] [46] [47] [50] [51] [52] [53] [56] [57] [61] [63] [64] [65] 
- 20 [freq:12] -> [1] [2] [3] [4] [5] [6] [7] [8] [9] [10] [11] [12] [13] [14] [15] [16] [17] [18] [19] [21] [22] [23] [24] [25] [26] [27] [28] [29] [30] [31] [32] [36] [41] [46] [47] [50] [51] [52] [53] [56] [65] [66] [67] [68] [69] [70] 
- 21 [freq:9] -> [3] [9] [10] [11] [12] [13] [14] [15] [17] [18] [19] [20] [22] [23] [24] [25] [26] [27] [28] [29] [30] [31] [32] [63] 
- 22 [freq:10] -> [1] [2] [3] [4] [5] [6] [7] [8] [9] [10] [11] [12] [13] [14] [15] [16] [17] [18] [19] [20] [21] [23] [24] [25] [26] [27] [28] [29] [30] [31] [32] [34] [36] [41] [45] [46] [47] [48] [50] [51] [52] [53] [55] [56] [63] [64] [65] [66] [67] [68] [69] [70] 
- 23 [freq:5] -> [3] [4] [5] [6] [7] [8] [9] [10] [11] [12] [13] [14] [15] [16] [17] [18] [19] [20] [21] [22] [24] [25] [26] [27] [28] [29] [30] [31] [32] [41] [45] [46] [47] [48] [50] [51] [52] [53] [55] [56] [57] [59] [61] [63] [64] [65] 
- 24 [freq:8] -> [3] [5] [6] [9] [10] [11] [12] [13] [14] [15] [16] [17] [18] [19] [20] [21] [22] [23] [25] [26] [27] [28] [29] [30] [31] [32] [46] [47] [50] [51] [56] [63] [64] 
- 25 [freq:6] -> [5] [9] [10] [11] [12] [13] [14] [15] [16] [17] [18] [19] [20] [21] [22] [23] [24] [26] [27] [28] [29] [30] [31] [32] [41] [46] [47] [50] [51] [52] [53] [56] [57] [59] [61] [63] [64] [65] 
- 26 [freq:1] -> [9] [10] [11] [12] [13] [15] [17] [18] [19] [20] [21] [22] [23] [24] [25] [27] [28] [29] [30] [31] [32] [47] [50] [51] [56] [57] [63] [64] 
- 27 [freq:2] -> [9] [10] [11] [12] [13] [14] [15] [16] [17] [18] [19] [20] [21] [22] [23] [24] [25] [26] [28] [29] [30] [31] [32] [41] [46] [47] [50] [51] [52] [53] [56] [57] [59] [61] [63] [64] 
- 28 [freq:14] -> [9] [12] [17] [18] [19] [20] [21] [22] [23] [24] [25] [26] [27] [29] [30] [31] [32] [63] [64] 
- 29 [freq:14] -> [9] [11] [12] [17] [18] [19] [20] [21] [22] [23] [24] [25] [26] [27] [28] [30] [31] [32] [50] [51] [56] [57] [61] [63] [64] 
- 30 [freq:14] -> [9] [11] [12] [15] [17] [18] [19] [20] [21] [22] [23] [24] [25] [26] [27] [28] [29] [31] [32] [41] [46] [47] [50] [51] [52] [53] [55] [56] [57] [59] [61] [62] [63] [64] 
- 31 [freq:6] -> [9] [17] [18] [19] [20] [21] [22] [23] [24] [25] [26] [27] [28] [29] [30] [32] [50] [51] [56] [57] [61] [63] [64] 
- 32 [freq:4] -> [9] [11] [17] [18] [19] [20] [21] [22] [23] [24] [25] [26] [27] [28] [29] [30] [31] [46] [50] [51] [52] [53] [56] [57] [58] [59] [61] [62] [63] [64] 
- 33 [freq:14] -> [7] [8] [34] [35] [36] [37] [38] [39] [40] [41] [42] [43] [44] [45] [48] [65] [66] [67] 
- 34 [freq:5] -> [2] [5] [6] [7] [8] [9] [11] [12] [13] [15] [16] [22] [33] [35] [36] [37] [38] [39] [40] [41] [42] [43] [44] [45] [46] [47] [48] [50] [51] [52] [53] [55] [56] [65] [66] [67] [69] 
- 35 [freq:7] -> [8] [33] [34] [36] [37] [38] [39] [40] [41] [42] [43] [44] [45] [48] 
- 36 [freq:6] -> [1] [2] [3] [4] [5] [6] [7] [8] [9] [10] [11] [12] [13] [14] [15] [16] [20] [22] [33] [34] [35] [37] [38] [39] [40] [41] [42] [43] [44] [45] [46] [47] [48] [52] [53] [56] [65] [66] [67] [68] [69] [70] 
- 37 [freq:4] -> [5] [7] [8] [11] [16] [33] [34] [35] [36] [38] [39] [40] [41] [42] [43] [44] [45] [46] [47] [48] [50] [51] [52] [53] [55] [56] [65] [66] [67] 
- 38 [freq:9] -> [7] [8] [33] [34] [35] [36] [37] [39] [40] [41] [42] [43] [44] [45] [46] [47] [48] [65] [66] [67] 
- 39 [freq:10] -> [5] [7] [8] [11] [12] [15] [16] [33] [34] [35] [36] [37] [38] [40] [41] [42] [43] [44] [45] [46] [47] [48] [49] [50] [51] [52] [53] [54] [55] [56] [65] [66] [67] 
- 40 [freq:14] -> [7] [8] [33] [34] [35] [36] [37] [38] [39] [41] [42] [43] [44] [45] [46] [47] [48] [52] [65] [66] [67] 
- 41 [freq:1] -> [2] [5] [6] [7] [8] [9] [10] [11] [12] [13] [14] [15] [16] [17] [18] [19] [20] [22] [23] [25] [27] [30] [33] [34] [35] [36] [37] [38] [39] [40] [42] [43] [44] [45] [46] [47] [48] [49] [50] [51] [52] [53] [54] [55] [56] [57] [59] [60] [61] [64] [65] [66] [67] 
- 42 [freq:2] -> [11] [33] [34] [35] [36] [37] [38] [39] [40] [41] [43] [44] [45] [46] [47] [48] [49] [50] [51] [52] [53] [54] [55] [56] [60] 
- 43 [freq:14] -> [5] [7] [8] [11] [12] [15] [16] [33] [34] [35] [36] [37] [38] [39] [40] [41] [42] [44] [45] [46] [47] [48] [49] [50] [51] [52] [53] [54] [55] [56] [60] [65] 
- 44 [freq:12] -> [8] [11] [12] [16] [33] [34] [35] [36] [37] [38] [39] [40] [41] [42] [43] [45] [46] [47] [48] [49] [50] [51] [52] [53] [54] [55] [56] [60] [65] 
- 45 [freq:14] -> [5] [7] [8] [9] [11] [12] [15] [16] [22] [23] [33] [34] [35] [36] [37] [38] [39] [40] [41] [42] [43] [44] [46] [47] [48] [49] [50] [51] [52] [53] [54] [55] [56] [59] [60] [62] [64] [65] 
- 46 [freq:14] -> [2] [3] [5] [6] [7] [8] [9] [10] [11] [12] [13] [14] [15] [16] [17] [18] [19] [20] [22] [23] [24] [25] [27] [30] [32] [34] [36] [37] [38] [39] [40] [41] [42] [43] [44] [45] [47] [48] [49] [50] [51] [52] [53] [54] [55] [56] [57] [59] [60] [61] [64] [65] [66] [67] [69] 
- 47 [freq:6] -> [1] [2] [3] [4] [5] [6] [7] [8] [9] [10] [11] [12] [13] [14] [15] [16] [17] [18] [19] [20] [22] [23] [24] [25] [26] [27] [30] [34] [36] [37] [38] [39] [40] [41] [42] [43] [44] [45] [46] [48] [49] [50] [51] [52] [53] [55] [56] [64] [65] [66] [67] [68] [69] 
- 48 [freq:11] -> [5] [7] [8] [9] [11] [12] [13] [15] [16] [22] [23] [33] [34] [35] [36] [37] [38] [39] [40] [41] [42] [43] [44] [45] [46] [47] [49] [50] [51] [52] [53] [54] [55] [56] [59] [60] [64] [65] 
- 49 [freq:5] -> [39] [41] [42] [43] [44] [45] [46] [47] [48] [50] [51] [52] [53] [54] [55] [56] [57] [58] [59] [60] [61] [62] [63] [64] 
- 50 [freq:13] -> [5] [9] [11] [12] [13] [15] [16] [17] [18] [19] [20] [22] [23] [24] [25] [26] [27] [29] [30] [31] [32] [34] [37] [39] [41] [42] [43] [44] [45] [46] [47] [48] [49] [51] [52] [53] [54] [55] [56] [57] [58] [59] [60] [61] [62] [63] [64] [65] 
- 51 [freq:14] -> [9] [11] [12] [13] [15] [16] [17] [19] [20] [22] [23] [24] [25] [26] [27] [29] [30] [31] [32] [34] [37] [39] [41] [42] [43] [44] [45] [46] [47] [48] [49] [50] [52] [53] [54] [55] [56] [57] [58] [59] [60] [61] [62] [63] [64] [65] 
- 52 [freq:8] -> [5] [6] [7] [8] [9] [11] [12] [13] [15] [16] [17] [18] [19] [20] [22] [23] [25] [27] [30] [32] [34] [36] [37] [39] [40] [41] [42] [43] [44] [45] [46] [47] [48] [49] [50] [51] [53] [54] [55] [56] [57] [58] [59] [60] [61] [62] [63] [64] [65] 
- 53 [freq:1] -> [5] [9] [11] [12] [13] [15] [16] [17] [19] [20] [22] [23] [25] [27] [30] [32] [34] [36] [37] [39] [41] [42] [43] [44] [45] [46] [47] [48] [49] [50] [51] [52] [54] [55] [56] [57] [58] [59] [60] [61] [62] [63] [64] [65] 
- 54 [freq:4] -> [39] [41] [42] [43] [44] [45] [46] [48] [49] [50] [51] [52] [53] [55] [56] [57] [58] [59] [60] [61] [62] [64] 
- 55 [freq:7] -> [11] [12] [22] [23] [30] [34] [37] [39] [41] [42] [43] [44] [45] [46] [47] [48] [49] [50] [51] [52] [53] [54] [56] [57] [58] [59] [60] [61] [62] [63] [64] 
- 56 [freq:1] -> [5] [9] [11] [12] [13] [15] [16] [17] [18] [19] [20] [22] [23] [24] [25] [26] [27] [29] [30] [31] [32] [34] [36] [37] [39] [41] [42] [43] [44] [45] [46] [47] [48] [49] [50] [51] [52] [53] [54] [55] [57] [58] [59] [60] [61] [62] [63] [64] [65] 
- 57 [freq:11] -> [17] [19] [23] [25] [26] [27] [29] [30] [31] [32] [41] [46] [49] [50] [51] [52] [53] [54] [55] [56] [58] [59] [60] [61] [62] [63] [64] 
- 58 [freq:14] -> [32] [49] [50] [51] [52] [53] [54] [55] [56] [57] [59] [60] [61] [62] [63] [64] 
- 59 [freq:7] -> [23] [25] [27] [30] [32] [41] [45] [46] [48] [49] [50] [51] [52] [53] [54] [55] [56] [57] [58] [60] [61] [62] [63] [64] 
- 60 [freq:6] -> [41] [42] [43] [44] [45] [46] [48] [49] [50] [51] [52] [53] [54] [55] [56] [57] [58] [59] [61] [62] [63] [64] 
- 61 [freq:11] -> [19] [23] [25] [27] [29] [30] [31] [32] [41] [46] [49] [50] [51] [52] [53] [54] [55] [56] [57] [58] [59] [60] [62] [63] [64] 
- 62 [freq:10] -> [30] [32] [45] [49] [50] [51] [52] [53] [54] [55] [56] [57] [58] [59] [60] [61] [63] [64] 
- 63 [freq:12] -> [9] [17] [19] [21] [22] [23] [24] [25] [26] [27] [28] [29] [30] [31] [32] [49] [50] [51] [52] [53] [55] [56] [57] [58] [59] [60] [61] [62] [64] 
- 64 [freq:1] -> [9] [11] [12] [17] [19] [22] [23] [24] [25] [26] [27] [28] [29] [30] [31] [32] [41] [45] [46] [47] [48] [49] [50] [51] [52] [53] [54] [55] [56] [57] [58] [59] [60] [61] [62] [63] 
- 65 [freq:1] -> [1] [2] [3] [4] [5] [6] [7] [8] [9] [10] [11] [12] [13] [14] [15] [16] [17] [18] [19] [20] [22] [23] [25] [33] [34] [36] [37] [38] [39] [40] [41] [43] [44] [45] [46] [47] [48] [50] [51] [52] [53] [56] [66] [67] [68] [69] [70] 
- 66 [freq:7] -> [1] [2] [3] [4] [5] [6] [7] [8] [9] [10] [11] [12] [13] [14] [15] [16] [20] [22] [33] [34] [36] [37] [38] [39] [40] [41] [46] [47] [65] [67] [68] [69] [70] 
- 67 [freq:2] -> [1] [2] [3] [4] [5] [6] [7] [8] [9] [10] [11] [12] [13] [14] [15] [16] [20] [22] [33] [34] [36] [37] [38] [39] [40] [41] [46] [47] [65] [66] [68] [69] [70] 
- 68 [freq:5] -> [1] [2] [3] [4] [5] [6] [7] [8] [9] [10] [11] [12] [13] [14] [15] [16] [18] [20] [22] [36] [47] [65] [66] [67] [69] [70] 
- 69 [freq:8] -> [1] [2] [3] [4] [5] [6] [7] [8] [9] [10] [11] [12] [13] [14] [15] [16] [18] [20] [22] [34] [36] [46] [47] [65] [66] [67] [68] [70] 
- 70 [freq:6] -> [1] [2] [3] [4] [5] [6] [7] [8] [9] [10] [11] [12] [13] [14] [15] [16] [18] [20] [22] [36] [65] [66] [67] [68] [69] 

Tempo total de execucao: 0 segundos
Lendo o arquivo: ../instancias/instancias/instance_30.txt

Grafo possui 70 nos e 1212 arestas! 

Executando algoritmo Guloso...

Interferencia Total: 233.77
Grafo:
- 1 [freq:1] -> [2] [3] [4] [5] [6] [7] [8] [9] [10] [11] [12] [13] [14] [15] [16] [20] [22] [36] [47] [65] [66] [67] [68] [69] [70] 
- 2 [freq:10] -> [1] [3] [4] [5] [6] [7] [8] [9] [10] [11] [12] [13] [14] [15] [16] [18] [20] [22] [34] [36] [41] [46] [47] [65] [66] [67] [68] [69] [70] 
- 3 [freq:1] -> [1] [2] [4] [5] [6] [7] [8] [9] [10] [11] [12] [13] [14] [15] [16] [17] [18] [19] [20] [21] [22] [23] [24] [36] [46] [47] [65] [66] [67] [68] [69] [70] 
- 4 [freq:14] -> [1] [2] [3] [5] [6] [7] [8] [9] [10] [11] [12] [13] [14] [15] [16] [17] [18] [20] [22] [23] [36] [47] [65] [66] [67] [68] [69] [70] 
- 5 [freq:14] -> [1] [2] [3] [4] [6] [7] [8] [9] [10] [11] [12] [13] [14] [15] [16] [17] [18] [19] [20] [22] [23] [24] [25] [34] [36] [37] [39] [41] [43] [45] [46] [47] [48] [50] [52] [53] [56] [65] [66] [67] [68] [69] [70] 
- 6 [freq:1] -> [1] [2] [3] [4] [5] [7] [8] [9] [10] [11] [12] [13] [14] [15] [16] [17] [18] [19] [20] [22] [23] [24] [34] [36] [41] [46] [47] [52] [65] [66] [67] [68] [69] [70] 
- 7 [freq:11] -> [1] [2] [3] [4] [5] [6] [8] [9] [10] [11] [12] [13] [14] [15] [16] [18] [20] [22] [23] [33] [34] [36] [37] [38] [39] [40] [41] [43] [45] [46] [47] [48] [52] [65] [66] [67] [68] [69] [70] 
- 8 [freq:1] -> [1] [2] [3] [4] [5] [6] [7] [9] [10] [11] [12] [13] [14] [15] [16] [20] [22] [23] [33] [34] [35] [36] [37] [38] [39] [40] [41] [43] [44] [45] [46] [47] [48] [52] [65] [66] [67] [68] [69] [70] 
- 9 [freq:14] -> [1] [2] [3] [4] [5] [6] [7] [8] [10] [11] [12] [13] [14] [15] [16] [17] [18] [19] [20] [21] [22] [23] [24] [25] [26] [27] [28] [29] [30] [31] [32] [34] [36] [41] [45] [46] [47] [48] [50] [51] [52] [53] [56] [63] [64] [65] [66] [67] [68] [69] [70] 
- 10 [freq:14] -> [1] [2] [3] [4] [5] [6] [7] [8] [9] [11] [12] [13] [14] [15] [16] [17] [18] [19] [20] [21] [22] [23] [24] [25] [26] [27] [36] [41] [46] [47] [65] [66] [67] [68] [69] [70] 
- 11 [freq:11] -> [1] [2] [3] [4] [5] [6] [7] [8] [9] [10] [12] [13] [14] [15] [16] [17] [18] [19] [20] [21] [22] [23] [24] [25] [26] [27] [29] [30] [32] [34] [36] [37] [39] [41] [42] [43] [44] [45] [46] [47] [48] [50] [51] [52] [53] [55] [56] [64] [65] [66] [67] [68] [69] [70] 
- 12 [freq:4] -> [1] [2] [3] [4] [5] [6] [7] [8] [9] [10] [11] [13] [14] [15] [16] [17] [18] [19] [20] [21] [22] [23] [24] [25] [26] [27] [28] [29] [30] [34] [36] [39] [41] [43] [44] [45] [46] [47] [48] [50] [51] [52] [53] [55] [56] [64] [65] [66] [67] [68] [69] [70] 
- 13 [freq:14] -> [1] [2] [3] [4] [5] [6] [7] [8] [9] [10] [11] [12] [14] [15] [16] [17] [18] [19] [20] [21] [22] [23] [24] [25] [26] [27] [34] [36] [41] [46] [47] [48] [50] [51] [52] [53] [56] [65] [66] [67] [68] [69] [70] 
- 14 [freq:13] -> [1] [2] [3] [4] [5] [6] [7] [8] [9] [10] [11] [12] [13] [15] [16] [17] [18] [19] [20] [21] [22] [23] [24] [25] [27] [36] [41] [46] [47] [65] [66] [67] [68] [69] [70] 
- 15 [freq:5] -> [1] [2] [3] [4] [5] [6] [7] [8] [9] [10] [11] [12] [13] [14] [16] [17] [18] [19] [20] [21] [22] [23] [24] [25] [26] [27] [30] [34] [36] [39] [41] [43] [45] [46] [47] [48] [50] [51] [52] [53] [56] [65] [66] [67] [68] [69] [70] 
- 16 [freq:9] -> [1] [2] [3] [4] [5] [6] [7] [8] [9] [10] [11] [12] [13] [14] [15] [17] [18] [19] [20] [22] [23] [24] [25] [27] [34] [36] [37] [39] [41] [43] [44] [45] [46] [47] [48] [50] [51] [52] [53] [56] [65] [66] [67] [68] [69] [70] 
- 17 [freq:11] -> [3] [4] [5] [6] [9] [10] [11] [12] [13] [14] [15] [16] [18] [19] [20] [21] [22] [23] [24] [25] [26] [27] [28] [29] [30] [31] [32] [41] [46] [47] [50] [51] [52] [53] [56] [57] [63] [64] [65] 
- 18 [freq:1] -> [2] [3] [4] [5] [6] [7] [9] [10] [11] [12] [13] [14] [15] [16] [17] [19] [20] [21] [22] [23] [24] [25] [26] [27] [28] [29] [30] [31] [32] [41] [46] [47] [50] [52] [56] [65] [68] [69] [70] 
- 19 [freq:7] -> [3] [5] [6] [9] [10] [11] [12] [13] [14] [15] [16] [17] [18] [20] [21] [22] [23] [24] [25] [26] [27] [28] [29] [30] [31] [32] [41] [46] [47] [50] [51] [52] [53] [56] [57] [61] [63] [64] [65] 
- 20 [freq:12] -> [1] [2] [3] [4] [5] [6] [7] [8] [9] [10] [11] [12] [13] [14] [15] [16] [17] [18] [19] [21] [22] [23] [24] [25] [26] [27] [28] [29] [30] [31] [32] [36] [41] [46] [47] [50] [51] [52] [53] [56] [65] [66] [67] [68] [69] [70] 
- 21 [freq:9] -> [3] [9] [10] [11] [12] [13] [14] [15] [17] [18] [19] [20] [22] [23] [24] [25] [26] [27] [28] [29] [30] [31] [32] [63] 
- 22 [freq:10] -> [1] [2] [3] [4] [5] [6] [7] [8] [9] [10] [11] [12] [13] [14] [15] [16] [17] [18] [19] [20] [21] [23] [24] [25] [26] [27] [28] [29] [30] [31] [32] [34] [36] [41] [45] [46] [47] [48] [50] [51] [52] [53] [55] [56] [63] [64] [65] [66] [67] [68] [69] [70] 
- 23 [freq:5] -> [3] [4] [5] [6] [7] [8] [9] [10] [11] [12] [13] [14] [15] [16] [17] [18] [19] [20] [21] [22] [24] [25] [26] [27] [28] [29] [30] [31] [32] [41] [45] [46] [47] [48] [50] [51] [52] [53] [55] [56] [57] [59] [61] [63] [64] [65] 
- 24 [freq:8] -> [3] [5] [6] [9] [10] [11] [12] [13] [14] [15] [16] [17] [18] [19] [20] [21] [22] [23] [25] [26] [27] [28] [29] [30] [31] [32] [46] [47] [50] [51] [56] [63] [64] 
- 25 [freq:6] -> [5] [9] [10] [11] [12] [13] [14] [15] [16] [17] [18] [19] [20] [21] [22] [23] [24] [26] [27] [28] [29] [30] [31] [32] [41] [46] [47] [50] [51] [52] [53] [56] [57] [59] [61] [63] [64] [65] 
- 26 [freq:1] -> [9] [10] [11] [12] [13] [15] [17] [18] [19] [20] [21] [22] [23] [24] [25] [27] [28] [29] [30] [31] [32] [47] [50] [51] [56] [57] [63] [64] 
- 27 [freq:2] -> [9] [10] [11] [12] [13] [14] [15] [16] [17] [18] [19] [20] [21] [22] [23] [24] [25] [26] [28] [29] [30] [31] [32] [41] [46] [47] [50] [51] [52] [53] [56] [57] [59] [61] [63] [64] 
- 28 [freq:14] -> [9] [12] [17] [18] [19] [20] [21] [22] [23] [24] [25] [26] [27] [29] [30] [31] [32] [63] [64] 
- 29 [freq:14] -> [9] [11] [12] [17] [18] [19] [20] [21] [22] [23] [24] [25] [26] [27] [28] [30] [31] [32] [50] [51] [56] [57] [61] [63] [64] 
- 30 [freq:14] -> [9] [11] [12] [15] [17] [18] [19] [20] [21] [22] [23] [24] [25] [26] [27] [28] [29] [31] [32] [41] [46] [47] [50] [51] [52] [53] [55] [56] [57] [59] [61] [62] [63] [64] 
- 31 [freq:6] -> [9] [17] [18] [19] [20] [21] [22] [23] [24] [25] [26] [27] [28] [29] [30] [32] [50] [51] [56] [57] [61] [63] [64] 
- 32 [freq:4] -> [9] [11] [17] [18] [19] [20] [21] [22] [23] [24] [25] [26] [27] [28] [29] [30] [31] [46] [50] [51] [52] [53] [56] [57] [58] [59] [61] [62] [63] [64] 
- 33 [freq:14] -> [7] [8] [34] [35] [36] [37] [38] [39] [40] [41] [42] [43] [44] [45] [48] [65] [66] [67] 
- 34 [freq:5] -> [2] [5] [6] [7] [8] [9] [11] [12] [13] [15] [16] [22] [33] [35] [36] [37] [38] [39] [40] [41] [42] [43] [44] [45] [46] [47] [48] [50] [51] [52] [53] [55] [56] [65] [66] [67] [69] 
- 35 [freq:7] -> [8] [33] [34] [36] [37] [38] [39] [40] [41] [42] [43] [44] [45] [48] 
- 36 [freq:6] -> [1] [2] [3] [4] [5] [6] [7] [8] [9] [10] [11] [12] [13] [14] [15] [16] [20] [22] [33] [34] [35] [37] [38] [39] [40] [41] [42] [43] [44] [45] [46] [47] [48] [52] [53] [56] [65] [66] [67] [68] [69] [70] 
- 37 [freq:4] -> [5] [7] [8] [11] [16] [33] [34] [35] [36] [38] [39] [40] [41] [42] [43] [44] [45] [46] [47] [48] [50] [51] [52] [53] [55] [56] [65] [66] [67] 
- 38 [freq:9] -> [7] [8] [33] [34] [35] [36] [37] [39] [40] [41] [42] [43] [44] [45] [46] [47] [48] [65] [66] [67] 
- 39 [freq:10] -> [5] [7] [8] [11] [12] [15] [16] [33] [34] [35] [36] [37] [38] [40] [41] [42] [43] [44] [45] [46] [47] [48] [49] [50] [51] [52] [53] [54] [55] [56] [65] [66] [67] 
- 40 [freq:14] -> [7] [8] [33] [34] [35] [36] [37] [38] [39] [41] [42] [43] [44] [45] [46] [47] [48] [52] [65] [66] [67] 
- 41 [freq:1] -> [2] [5] [6] [7] [8] [9] [10] [11] [12] [13] [14] [15] [16] [17] [18] [19] [20] [22] [23] [25] [27] [30] [33] [34] [35] [36] [37] [38] [39] [40] [42] [43] [44] [45] [46] [47] [48] [49] [50] [51] [52] [53] [54] [55] [56] [57] [59] [60] [61] [64] [65] [66] [67] 
- 42 [freq:2] -> [11] [33] [34] [35] [36] [37] [38] [39] [40] [41] [43] [44] [45] [46] [47] [48] [49] [50] [51] [52] [53] [54] [55] [56] [60] 
- 43 [freq:14] -> [5] [7] [8] [11] [12] [15] [16] [33] [34] [35] [36] [37] [38] [39] [40] [41] [42] [44] [45] [46] [47] [48] [49] [50] [51] [52] [53] [54] [55] [56] [60] [65] 
- 44 [freq:12] -> [8] [11] [12] [16] [33] [34] [35] [36] [37] [38] [39] [40] [41] [42] [43] [45] [46] [47] [48] [49] [50] [51] [52] [53] [54] [55] [56] [60] [65] 
- 45 [freq:14] -> [5] [7] [8] [9] [11] [12] [15] [16] [22] [23] [33] [34] [35] [36] [37] [38] [39] [40] [41] [42] [43] [44] [46] [47] [48] [49] [50] [51] [52] [53] [54] [55] [56] [59] [60] [62] [64] [65] 
- 46 [freq:14] -> [2] [3] [5] [6] [7] [8] [9] [10] [11] [12] [13] [14] [15] [16] [17] [18] [19] [20] [22] [23] [24] [25] [27] [30] [32] [34] [36] [37] [38] [39] [40] [41] [42] [43] [44] [45] [47] [48] [49] [50] [51] [52] [53] [54] [55] [56] [57] [59] [60] [61] [64] [65] [66] [67] [69] 
- 47 [freq:6] -> [1] [2] [3] [4] [5] [6] [7] [8] [9] [10] [11] [12] [13] [14] [15] [16] [17] [18] [19] [20] [22] [23] [24] [25] [26] [27] [30] [34] [36] [37] [38] [39] [40] [41] [42] [43] [44] [45] [46] [48] [49] [50] [51] [52] [53] [55] [56] [64] [65] [66] [67] [68] [69] 
- 48 [freq:11] -> [5] [7] [8] [9] [11] [12] [13] [15] [16] [22] [23] [33] [34] [35] [36] [37] [38] [39] [40] [41] [42] [43] [44] [45] [46] [47] [49] [50] [51] [52] [53] [54] [55] [56] [59] [60] [64] [65] 
- 49 [freq:5] -> [39] [41] [42] [43] [44] [45] [46] [47] [48] [50] [51] [52] [53] [54] [55] [56] [57] [58] [59] [60] [61] [62] [63] [64] 
- 50 [freq:13] -> [5] [9] [11] [12] [13] [15] [16] [17] [18] [19] [20] [22] [23] [24] [25] [26] [27] [29] [30] [31] [32] [34] [37] [39] [41] [42] [43] [44] [45] [46] [47] [48] [49] [51] [52] [53] [54] [55] [56] [57] [58] [59] [60] [61] [62] [63] [64] [65] 
- 51 [freq:14] -> [9] [11] [12] [13] [15] [16] [17] [19] [20] [22] [23] [24] [25] [26] [27] [29] [30] [31] [32] [34] [37] [39] [41] [42] [43] [44] [45] [46] [47] [48] [49] [50] [52] [53] [54] [55] [56] [57] [58] [59] [60] [61] [62] [63] [64] [65] 
- 52 [freq:8] -> [5] [6] [7] [8] [9] [11] [12] [13] [15] [16] [17] [18] [19] [20] [22] [23] [25] [27] [30] [32] [34] [36] [37] [39] [40] [41] [42] [43] [44] [45] [46] [47] [48] [49] [50] [51] [53] [54] [55] [56] [57] [58] [59] [60] [61] [62] [63] [64] [65] 
- 53 [freq:1] -> [5] [9] [11] [12] [13] [15] [16] [17] [19] [20] [22] [23] [25] [27] [30] [32] [34] [36] [37] [39] [41] [42] [43] [44] [45] [46] [47] [48] [49] [50] [51] [52] [54] [55] [56] [57] [58] [59] [60] [61] [62] [63] [64] [65] 
- 54 [freq:4] -> [39] [41] [42] [43] [44] [45] [46] [48] [49] [50] [51] [52] [53] [55] [56] [57] [58] [59] [60] [61] [62] [64] 
- 55 [freq:7] -> [11] [12] [22] [23] [30] [34] [37] [39] [41] [42] [43] [44] [45] [46] [47] [48] [49] [50] [51] [52] [53] [54] [56] [57] [58] [59] [60] [61] [62] [63] [64] 
- 56 [freq:1] -> [5] [9] [11] [12] [13] [15] [16] [17] [18] [19] [20] [22] [23] [24] [25] [26] [27] [29] [30] [31] [32] [34] [36] [37] [39] [41] [42] [43] [44] [45] [46] [47] [48] [49] [50] [51] [52] [53] [54] [55] [57] [58] [59] [60] [61] [62] [63] [64] [65] 
- 57 [freq:11] -> [17] [19] [23] [25] [26] [27] [29] [30] [31] [32] [41] [46] [49] [50] [51] [52] [53] [54] [55] [56] [58] [59] [60] [61] [62] [63] [64] 
- 58 [freq:14] -> [32] [49] [50] [51] [52] [53] [54] [55] [56] [57] [59] [60] [61] [62] [63] [64] 
- 59 [freq:7] -> [23] [25] [27] [30] [32] [41] [45] [46] [48] [49] [50] [51] [52] [53] [54] [55] [56] [57] [58] [60] [61] [62] [63] [64] 
- 60 [freq:6] -> [41] [42] [43] [44] [45] [46] [48] [49] [50] [51] [52] [53] [54] [55] [56] [57] [58] [59] [61] [62] [63] [64] 
- 61 [freq:11] -> [19] [23] [25] [27] [29] [30] [31] [32] [41] [46] [49] [50] [51] [52] [53] [54] [55] [56] [57] [58] [59] [60] [62] [63] [64] 
- 62 [freq:10] -> [30] [32] [45] [49] [50] [51] [52] [53] [54] [55] [56] [57] [58] [59] [60] [61] [63] [64] 
- 63 [freq:12] -> [9] [17] [19] [21] [22] [23] [24] [25] [26] [27] [28] [29] [30] [31] [32] [49] [50] [51] [52] [53] [55] [56] [57] [58] [59] [60] [61] [62] [64] 
- 64 [freq:1] -> [9] [11] [12] [17] [19] [22] [23] [24] [25] [26] [27] [28] [29] [30] [31] [32] [41] [45] [46] [47] [48] [49] [50] [51] [52] [53] [54] [55] [56] [57] [58] [59] [60] [61] [62] [63] 
- 65 [freq:1] -> [1] [2] [3] [4] [5] [6] [7] [8] [9] [10] [11] [12] [13] [14] [15] [16] [17] [18] [19] [20] [22] [23] [25] [33] [34] [36] [37] [38] [39] [40] [41] [43] [44] [45] [46] [47] [48] [50] [51] [52] [53] [56] [66] [67] [68] [69] [70] 
- 66 [freq:7] -> [1] [2] [3] [4] [5] [6] [7] [8] [9] [10] [11] [12] [13] [14] [15] [16] [20] [22] [33] [34] [36] [37] [38] [39] [40] [41] [46] [47] [65] [67] [68] [69] [70] 
- 67 [freq:2] -> [1] [2] [3] [4] [5] [6] [7] [8] [9] [10] [11] [12] [13] [14] [15] [16] [20] [22] [33] [34] [36] [37] [38] [39] [40] [41] [46] [47] [65] [66] [68] [69] [70] 
- 68 [freq:5] -> [1] [2] [3] [4] [5] [6] [7] [8] [9] [10] [11] [12] [13] [14] [15] [16] [18] [20] [22] [36] [47] [65] [66] [67] [69] [70] 
- 69 [freq:8] -> [1] [2] [3] [4] [5] [6] [7] [8] [9] [10] [11] [12] [13] [14] [15] [16] [18] [20] [22] [34] [36] [46] [47] [65] [66] [67] [68] [70] 
- 70 [freq:6] -> [1] [2] [3] [4] [5] [6] [7] [8] [9] [10] [11] [12] [13] [14] [15] [16] [18] [20] [22] [36] [65] [66] [67] [68] [69] 

Tempo total de execucao: 0 segundos
