Lendo o arquivo: instance_23.txt

Grafo possui 70 nos e 1286 arestas! 

Executando algoritmo Guloso...

Interferencia Total: 252.06
Grafo:
- 1 [freq:5] -> [2] [3] [4] [5] [6] [7] [8] [9] [10] [11] [12] [13] [14] [15] [16] [17] [18] [34] [35] [36] [40] [41] [42] [43] [44] [45] [46] [47] [48] [65] [66] [67] [68] [69] [70] 
- 2 [freq:1] -> [1] [3] [4] [5] [6] [7] [8] [9] [10] [11] [12] [13] [14] [15] [16] [17] [18] [20] [21] [23] [24] [34] [35] [36] [40] [42] [45] [46] [47] [48] [65] [66] [67] [68] [69] [70] 
- 3 [freq:5] -> [1] [2] [4] [5] [6] [7] [8] [9] [10] [11] [12] [13] [14] [15] [16] [17] [23] [34] [35] [36] [40] [42] [45] [46] [47] [48] [65] [66] [67] [68] [69] [70] 
- 4 [freq:11] -> [1] [2] [3] [5] [6] [7] [8] [9] [10] [11] [12] [13] [14] [15] [16] [17] [18] [20] [21] [22] [23] [24] [34] [35] [36] [40] [42] [45] [46] [47] [48] [65] [66] [67] [68] [69] [70] 
- 5 [freq:3] -> [1] [2] [3] [4] [6] [7] [8] [9] [10] [12] [14] [15] [16] [23] [34] [35] [40] [65] [66] [67] [68] [69] [70] 
- 6 [freq:2] -> [1] [2] [3] [4] [5] [7] [8] [9] [10] [11] [12] [13] [14] [15] [16] [17] [18] [20] [21] [22] [23] [24] [34] [35] [36] [40] [42] [45] [46] [47] [48] [65] [66] [67] [68] [69] [70] 
- 7 [freq:6] -> [1] [2] [3] [4] [5] [6] [8] [9] [10] [11] [12] [13] [14] [15] [16] [17] [18] [20] [23] [34] [35] [36] [40] [41] [42] [43] [44] [45] [46] [47] [48] [65] [66] [67] [68] [69] [70] 
- 8 [freq:11] -> [1] [2] [3] [4] [5] [6] [7] [9] [10] [11] [12] [13] [14] [15] [16] [17] [18] [20] [23] [34] [35] [36] [40] [42] [45] [46] [47] [48] [65] [66] [67] [68] [69] [70] 
- 9 [freq:11] -> [1] [2] [3] [4] [5] [6] [7] [8] [10] [11] [12] [13] [14] [15] [16] [17] [18] [19] [20] [21] [22] [23] [24] [29] [34] [35] [40] [42] [45] [46] [47] [48] [56] [65] [66] [67] [68] [69] [70] 
- 10 [freq:14] -> [1] [2] [3] [4] [5] [6] [7] [8] [9] [11] [12] [13] [14] [15] [16] [17] [18] [19] [20] [21] [22] [23] [24] [29] [34] [35] [36] [40] [41] [42] [43] [44] [45] [46] [47] [48] [52] [55] [56] [65] [66] [67] [68] [69] [70] 
- 11 [freq:4] -> [1] [2] [3] [4] [6] [7] [8] [9] [10] [12] [13] [14] [15] [16] [17] [18] [19] [20] [21] [22] [23] [24] [26] [27] [28] [29] [30] [31] [32] [34] [35] [36] [40] [41] [42] [43] [44] [45] [46] [47] [48] [49] [50] [52] [55] [56] [58] [65] [66] [67] [68] [69] [70] 
- 12 [freq:13] -> [1] [2] [3] [4] [5] [6] [7] [8] [9] [10] [11] [13] [14] [15] [16] [17] [18] [19] [20] [21] [22] [23] [24] [26] [27] [29] [32] [34] [35] [36] [40] [41] [42] [43] [44] [45] [46] [47] [48] [50] [52] [55] [56] [65] [66] [67] [68] [69] [70] 
- 13 [freq:1] -> [1] [2] [3] [4] [6] [7] [8] [9] [10] [11] [12] [14] [15] [16] [17] [18] [19] [20] [21] [22] [23] [24] [26] [27] [29] [32] [34] [35] [36] [37] [40] [41] [42] [43] [44] [45] [46] [47] [48] [49] [50] [51] [52] [53] [54] [55] [56] [58] [65] [66] [67] [68] [69] [70] 
- 14 [freq:14] -> [1] [2] [3] [4] [5] [6] [7] [8] [9] [10] [11] [12] [13] [15] [16] [17] [18] [20] [21] [22] [23] [24] [29] [35] [42] [48] [65] [66] [67] [68] [69] [70] 
- 15 [freq:14] -> [1] [2] [3] [4] [5] [6] [7] [8] [9] [10] [11] [12] [13] [14] [16] [17] [18] [19] [20] [21] [22] [23] [24] [26] [27] [29] [35] [42] [45] [47] [48] [56] [65] [66] [67] [68] [69] [70] 
- 16 [freq:14] -> [1] [2] [3] [4] [5] [6] [7] [8] [9] [10] [11] [12] [13] [14] [15] [17] [18] [19] [20] [21] [22] [23] [24] [29] [35] [40] [42] [45] [47] [48] [65] [66] [67] [68] [69] [70] 
- 17 [freq:1] -> [1] [2] [3] [4] [6] [7] [8] [9] [10] [11] [12] [13] [14] [15] [16] [18] [19] [20] [21] [22] [23] [24] [25] [26] [27] [28] [29] [30] [31] [32] [35] [40] [41] [42] [43] [44] [45] [46] [47] [48] [50] [52] [55] [56] [58] [65] [66] [67] [68] [69] [70] 
- 18 [freq:14] -> [1] [2] [4] [6] [7] [8] [9] [10] [11] [12] [13] [14] [15] [16] [17] [19] [20] [21] [22] [23] [24] [25] [26] [27] [28] [29] [30] [31] [32] [34] [35] [36] [40] [41] [42] [43] [44] [45] [46] [47] [48] [49] [50] [51] [52] [53] [54] [55] [56] [58] [59] [60] [61] [65] [66] [67] [68] [69] [70] 
- 19 [freq:8] -> [9] [10] [11] [12] [13] [15] [16] [17] [18] [20] [21] [22] [23] [24] [25] [26] [27] [28] [29] [30] [31] [32] [35] [40] [41] [42] [43] [44] [45] [46] [47] [48] [49] [50] [51] [52] [53] [54] [55] [56] [58] [59] [60] [61] [62] [64] [67] [68] [69] 
- 20 [freq:2] -> [2] [4] [6] [7] [8] [9] [10] [11] [12] [13] [14] [15] [16] [17] [18] [19] [21] [22] [23] [24] [25] [26] [27] [28] [29] [30] [31] [32] [35] [42] [44] [45] [46] [47] [48] [50] [52] [55] [56] [58] [67] [68] [69] [70] 
- 21 [freq:6] -> [2] [4] [6] [9] [10] [11] [12] [13] [14] [15] [16] [17] [18] [19] [20] [22] [23] [24] [25] [26] [27] [28] [29] [30] [31] [32] [35] [42] [44] [45] [47] [48] [50] [52] [55] [56] [58] [60] [68] 
- 22 [freq:7] -> [4] [6] [9] [10] [11] [12] [13] [14] [15] [16] [17] [18] [19] [20] [21] [23] [24] [25] [26] [27] [28] [29] [30] [31] [32] [42] [45] [48] [50] [52] [56] [58] 
- 23 [freq:1] -> [2] [3] [4] [5] [6] [7] [8] [9] [10] [11] [12] [13] [14] [15] [16] [17] [18] [19] [20] [21] [22] [24] [25] [26] [27] [28] [29] [30] [31] [32] [35] [40] [42] [44] [45] [46] [47] [48] [52] [55] [56] [58] [65] [66] [67] [68] [69] [70] 
- 24 [freq:7] -> [2] [4] [6] [9] [10] [11] [12] [13] [14] [15] [16] [17] [18] [19] [20] [21] [22] [23] [25] [26] [27] [28] [29] [30] [31] [32] [35] [41] [42] [43] [44] [45] [46] [47] [48] [50] [52] [55] [56] [58] [59] [60] [67] [68] [69] 
- 25 [freq:5] -> [17] [18] [19] [20] [21] [22] [23] [24] [26] [27] [28] [29] [30] [31] [32] [50] [52] [55] [56] [58] [59] [60] [61] [64] 
- 26 [freq:10] -> [11] [12] [13] [15] [17] [18] [19] [20] [21] [22] [23] [24] [25] [27] [28] [29] [30] [31] [32] [42] [48] [50] [52] [55] [56] [58] [59] [60] [61] [64] 
- 27 [freq:11] -> [11] [12] [13] [15] [17] [18] [19] [20] [21] [22] [23] [24] [25] [26] [28] [29] [30] [31] [32] [41] [42] [43] [44] [45] [46] [47] [48] [49] [50] [51] [52] [54] [55] [56] [58] [59] [60] [61] [62] [64] 
- 28 [freq:13] -> [11] [17] [18] [19] [20] [21] [22] [23] [24] [25] [26] [27] [29] [30] [31] [32] [50] [52] [55] [56] [58] [59] [60] [61] [62] [64] 
- 29 [freq:1] -> [9] [10] [11] [12] [13] [14] [15] [16] [17] [18] [19] [20] [21] [22] [23] [24] [25] [26] [27] [28] [30] [31] [32] [42] [44] [45] [47] [48] [50] [52] [55] [56] [58] [59] [60] 
- 30 [freq:12] -> [11] [17] [18] [19] [20] [21] [22] [23] [24] [25] [26] [27] [28] [29] [31] [32] [50] [52] [56] [58] [59] [60] [61] 
- 31 [freq:9] -> [11] [17] [18] [19] [20] [21] [22] [23] [24] [25] [26] [27] [28] [29] [30] [32] [50] [52] [55] [56] [58] [59] [60] [61] [64] 
- 32 [freq:14] -> [11] [12] [13] [17] [18] [19] [20] [21] [22] [23] [24] [25] [26] [27] [28] [29] [30] [31] [41] [42] [43] [44] [45] [47] [48] [49] [50] [51] [52] [54] [55] [56] [58] [59] [60] [61] [62] [63] [64] 
- 33 [freq:6] -> [34] [35] [36] [37] [38] [39] [40] [41] [43] [44] [45] [46] [47] [49] [53] [67] 
- 34 [freq:1] -> [1] [2] [3] [4] [5] [6] [7] [8] [9] [10] [11] [12] [13] [18] [33] [35] [36] [37] [38] [39] [40] [41] [42] [43] [44] [45] [46] [47] [48] [65] [66] [67] [68] [69] [70] 
- 35 [freq:9] -> [1] [2] [3] [4] [5] [6] [7] [8] [9] [10] [11] [12] [13] [14] [15] [16] [17] [18] [19] [20] [21] [23] [24] [33] [34] [36] [37] [38] [40] [41] [42] [43] [44] [45] [46] [47] [48] [49] [50] [52] [55] [56] [65] [66] [67] [68] [69] [70] 
- 36 [freq:14] -> [1] [2] [3] [4] [6] [7] [8] [10] [11] [12] [13] [18] [33] [34] [35] [37] [38] [39] [40] [41] [42] [43] [44] [45] [46] [47] [48] [49] [55] [65] [66] [67] [68] [69] [70] 
- 37 [freq:14] -> [13] [33] [34] [35] [36] [38] [39] [40] [41] [42] [43] [44] [45] [46] [47] [48] [49] [51] [53] [55] [65] [66] [67] [68] [69] 
- 38 [freq:13] -> [33] [34] [35] [36] [37] [39] [40] [41] [43] [44] [46] [47] [49] [53] [67] 
- 39 [freq:10] -> [33] [34] [36] [37] [38] [40] [41] [43] [44] [46] [49] [53] 
- 40 [freq:7] -> [1] [2] [3] [4] [5] [6] [7] [8] [9] [10] [11] [12] [13] [16] [17] [18] [19] [23] [33] [34] [35] [36] [37] [38] [39] [41] [42] [43] [44] [45] [46] [47] [48] [49] [52] [55] [56] [65] [66] [67] [68] [69] [70] 
- 41 [freq:2] -> [1] [7] [10] [11] [12] [13] [17] [18] [19] [24] [27] [32] [33] [34] [35] [36] [37] [38] [39] [40] [42] [43] [44] [45] [46] [47] [48] [49] [50] [51] [52] [53] [54] [55] [56] [65] [66] [67] [68] [69] 
- 42 [freq:11] -> [1] [2] [3] [4] [6] [7] [8] [9] [10] [11] [12] [13] [14] [15] [16] [17] [18] [19] [20] [21] [22] [23] [24] [26] [27] [29] [32] [34] [35] [36] [37] [40] [41] [43] [44] [45] [46] [47] [48] [49] [50] [51] [52] [53] [54] [55] [56] [58] [59] [60] [65] [66] [67] [68] [69] [70] 
- 43 [freq:1] -> [1] [7] [10] [11] [12] [13] [17] [18] [19] [24] [27] [32] [33] [34] [35] [36] [37] [38] [39] [40] [41] [42] [44] [45] [46] [47] [48] [49] [50] [51] [52] [53] [54] [55] [56] [65] [66] [67] [68] [69] 
- 44 [freq:5] -> [1] [7] [10] [11] [12] [13] [17] [18] [19] [20] [21] [23] [24] [27] [29] [32] [33] [34] [35] [36] [37] [38] [39] [40] [41] [42] [43] [45] [46] [47] [48] [49] [50] [51] [52] [53] [54] [55] [56] [58] [61] [65] [66] [67] [68] [69] 
- 45 [freq:14] -> [1] [2] [3] [4] [6] [7] [8] [9] [10] [11] [12] [13] [15] [16] [17] [18] [19] [20] [21] [22] [23] [24] [27] [29] [32] [33] [34] [35] [36] [37] [40] [41] [42] [43] [44] [46] [47] [48] [49] [50] [51] [52] [53] [54] [55] [56] [58] [65] [66] [67] [68] [69] [70] 
- 46 [freq:14] -> [1] [2] [3] [4] [6] [7] [8] [9] [10] [11] [12] [13] [17] [18] [19] [20] [23] [24] [27] [33] [34] [35] [36] [37] [38] [39] [40] [41] [42] [43] [44] [45] [47] [48] [49] [50] [51] [52] [53] [54] [55] [56] [65] [66] [67] [68] [69] [70] 
- 47 [freq:10] -> [1] [2] [3] [4] [6] [7] [8] [9] [10] [11] [12] [13] [15] [16] [17] [18] [19] [20] [21] [23] [24] [27] [29] [32] [33] [34] [35] [36] [37] [38] [40] [41] [42] [43] [44] [45] [46] [48] [49] [50] [51] [52] [53] [54] [55] [56] [58] [65] [66] [67] [68] [69] [70] 
- 48 [freq:6] -> [1] [2] [3] [4] [6] [7] [8] [9] [10] [11] [12] [13] [14] [15] [16] [17] [18] [19] [20] [21] [22] [23] [24] [26] [27] [29] [32] [34] [35] [36] [37] [40] [41] [42] [43] [44] [45] [46] [47] [49] [50] [51] [52] [53] [54] [55] [56] [58] [65] [66] [67] [68] [69] [70] 
- 49 [freq:1] -> [11] [13] [18] [19] [27] [32] [33] [35] [36] [37] [38] [39] [40] [41] [42] [43] [44] [45] [46] [47] [48] [50] [51] [52] [53] [54] [55] [56] [57] [58] [59] [60] [61] [62] [63] [64] 
- 50 [freq:14] -> [11] [12] [13] [17] [18] [19] [20] [21] [22] [24] [25] [26] [27] [28] [29] [30] [31] [32] [35] [41] [42] [43] [44] [45] [46] [47] [48] [49] [51] [52] [53] [54] [55] [56] [57] [58] [59] [60] [61] [62] [63] [64] 
- 51 [freq:7] -> [13] [18] [19] [27] [32] [37] [41] [42] [43] [44] [45] [46] [47] [48] [49] [50] [52] [53] [54] [55] [56] [57] [58] [59] [60] [61] [62] [63] [64] 
- 52 [freq:1] -> [10] [11] [12] [13] [17] [18] [19] [20] [21] [22] [23] [24] [25] [26] [27] [28] [29] [30] [31] [32] [35] [40] [41] [42] [43] [44] [45] [46] [47] [48] [49] [50] [51] [53] [54] [55] [56] [58] [59] [60] [61] [62] [63] [64] [67] [68] 
- 53 [freq:11] -> [13] [18] [19] [33] [37] [38] [39] [41] [42] [43] [44] [45] [46] [47] [48] [49] [50] [51] [52] [54] [55] [56] [57] [61] [62] [63] [64] 
- 54 [freq:6] -> [13] [18] [19] [27] [32] [41] [42] [43] [44] [45] [46] [47] [48] [49] [50] [51] [52] [53] [55] [56] [57] [58] [59] [60] [61] [62] [63] [64] 
- 55 [freq:12] -> [10] [11] [12] [13] [17] [18] [19] [20] [21] [23] [24] [25] [26] [27] [28] [29] [31] [32] [35] [36] [37] [40] [41] [42] [43] [44] [45] [46] [47] [48] [49] [50] [51] [52] [53] [54] [56] [57] [58] [59] [60] [61] [62] [63] [64] [67] [68] 
- 56 [freq:5] -> [9] [10] [11] [12] [13] [15] [17] [18] [19] [20] [21] [22] [23] [24] [25] [26] [27] [28] [29] [30] [31] [32] [35] [40] [41] [42] [43] [44] [45] [46] [47] [48] [49] [50] [51] [52] [53] [54] [55] [58] [59] [60] [61] [62] [63] [64] [67] [68] [69] 
- 57 [freq:4] -> [49] [50] [51] [53] [54] [55] [58] [59] [60] [61] [62] [63] [64] 
- 58 [freq:11] -> [11] [13] [17] [18] [19] [20] [21] [22] [23] [24] [25] [26] [27] [28] [29] [30] [31] [32] [42] [44] [45] [47] [48] [49] [50] [51] [52] [54] [55] [56] [57] [59] [60] [61] [62] [63] [64] 
- 59 [freq:14] -> [18] [19] [24] [25] [26] [27] [28] [29] [30] [31] [32] [42] [49] [50] [51] [52] [54] [55] [56] [57] [58] [60] [61] [62] [63] [64] 
- 60 [freq:2] -> [18] [19] [21] [24] [25] [26] [27] [28] [29] [30] [31] [32] [42] [49] [50] [51] [52] [54] [55] [56] [57] [58] [59] [61] [62] [63] [64] 
- 61 [freq:1] -> [18] [19] [25] [26] [27] [28] [30] [31] [32] [44] [49] [50] [51] [52] [53] [54] [55] [56] [57] [58] [59] [60] [62] [63] [64] 
- 62 [freq:6] -> [19] [27] [28] [32] [49] [50] [51] [52] [53] [54] [55] [56] [57] [58] [59] [60] [61] [63] [64] 
- 63 [freq:10] -> [32] [49] [50] [51] [52] [53] [54] [55] [56] [57] [58] [59] [60] [61] [62] [64] 
- 64 [freq:14] -> [19] [25] [26] [27] [28] [31] [32] [49] [50] [51] [52] [53] [54] [55] [56] [57] [58] [59] [60] [61] [62] [63] 
- 65 [freq:6] -> [1] [2] [3] [4] [5] [6] [7] [8] [9] [10] [11] [12] [13] [14] [15] [16] [17] [18] [23] [34] [35] [36] [37] [40] [41] [42] [43] [44] [45] [46] [47] [48] [66] [67] [68] [69] [70] 
- 66 [freq:8] -> [1] [2] [3] [4] [5] [6] [7] [8] [9] [10] [11] [12] [13] [14] [15] [16] [17] [18] [23] [34] [35] [36] [37] [40] [41] [42] [43] [44] [45] [46] [47] [48] [65] [67] [68] [69] [70] 
- 67 [freq:11] -> [1] [2] [3] [4] [5] [6] [7] [8] [9] [10] [11] [12] [13] [14] [15] [16] [17] [18] [19] [20] [23] [24] [33] [34] [35] [36] [37] [38] [40] [41] [42] [43] [44] [45] [46] [47] [48] [52] [55] [56] [65] [66] [68] [69] [70] 
- 68 [freq:14] -> [1] [2] [3] [4] [5] [6] [7] [8] [9] [10] [11] [12] [13] [14] [15] [16] [17] [18] [19] [20] [21] [23] [24] [34] [35] [36] [37] [40] [41] [42] [43] [44] [45] [46] [47] [48] [52] [55] [56] [65] [66] [67] [69] [70] 
- 69 [freq:1] -> [1] [2] [3] [4] [5] [6] [7] [8] [9] [10] [11] [12] [13] [14] [15] [16] [17] [18] [19] [20] [23] [24] [34] [35] [36] [37] [40] [41] [42] [43] [44] [45] [46] [47] [48] [56] [65] [66] [67] [68] [70] 
- 70 [freq:7] -> [1] [2] [3] [4] [5] [6] [7] [8] [9] [10] [11] [12] [13] [14] [15] [16] [17] [18] [20] [23] [34] [35] [36] [40] [42] [45] [46] [47] [48] [65] [66] [67] [68] [69] 

Tempo total de execucao: 0 segundos
