Lendo o arquivo: instance_13.txt

Grafo possui 40 nos e 387 arestas! 

Executando algoritmo Guloso...

Interferencia Total: 65.33
Grafo:
- 1 [freq:4] -> [2] [3] [4] [5] [7] [8] [9] [10] 
- 2 [freq:9] -> [1] [3] [4] [5] [6] [7] [8] [9] [10] [11] [12] [13] [14] [15] [21] [22] [25] [30] 
- 3 [freq:10] -> [1] [2] [4] [5] [6] [7] [8] [9] [10] [11] [12] [13] [14] [15] [21] [22] [23] [24] [25] [26] [27] [28] [30] [31] [32] [33] 
- 4 [freq:11] -> [1] [2] [3] [5] [6] [7] [8] [9] [10] [13] [21] [22] [24] [25] [30] 
- 5 [freq:7] -> [1] [2] [3] [4] [6] [7] [8] [9] [10] [12] [13] [15] [21] [22] [23] [24] [25] [26] [27] [28] [30] [31] [32] [33] 
- 6 [freq:6] -> [2] [3] [4] [5] [7] [8] [9] [10] [11] [12] [13] [14] [15] [16] [18] [19] [20] [21] [22] [24] [25] [26] [27] [28] [30] [31] [32] [33] [34] [35] [39] 
- 7 [freq:13] -> [1] [2] [3] [4] [5] [6] [8] [9] [10] [11] [12] [13] [14] [15] [16] [19] [20] [31] [32] 
- 8 [freq:14] -> [1] [2] [3] [4] [5] [6] [7] [9] [10] [11] [12] [13] [14] [15] [16] [17] [19] [20] [31] [32] 
- 9 [freq:1] -> [1] [2] [3] [4] [5] [6] [7] [8] [10] [11] [12] [13] [14] [15] [16] [20] [31] 
- 10 [freq:14] -> [1] [2] [3] [4] [5] [6] [7] [8] [9] [11] [12] [13] [14] [15] [21] [22] [24] [25] [26] [30] [31] [32] 
- 11 [freq:5] -> [2] [3] [6] [7] [8] [9] [10] [12] [13] [14] [15] [16] [17] [19] [20] [31] 
- 12 [freq:1] -> [2] [3] [5] [6] [7] [8] [9] [10] [11] [13] [14] [15] [16] [17] [18] [19] [20] [31] [32] [34] [39] 
- 13 [freq:4] -> [2] [3] [4] [5] [6] [7] [8] [9] [10] [11] [12] [14] [15] [16] [17] [18] [19] [20] [30] [31] [32] [33] [34] [39] 
- 14 [freq:2] -> [2] [3] [6] [7] [8] [9] [10] [11] [12] [13] [15] [16] [17] [18] [19] [20] [31] [32] [34] 
- 15 [freq:14] -> [2] [3] [5] [6] [7] [8] [9] [10] [11] [12] [13] [14] [16] [17] [18] [19] [20] [22] [24] [26] [27] [28] [30] [31] [32] [33] [34] [35] [36] [37] [39] [40] 
- 16 [freq:14] -> [6] [7] [8] [9] [11] [12] [13] [14] [15] [17] [18] [19] [20] [31] [32] [34] [36] [39] 
- 17 [freq:12] -> [8] [11] [12] [13] [14] [15] [16] [18] [19] [20] [36] [39] 
- 18 [freq:11] -> [6] [12] [13] [14] [15] [16] [17] [19] [20] [31] [32] [33] [34] [35] [36] [37] [38] [39] [40] 
- 19 [freq:8] -> [6] [7] [8] [11] [12] [13] [14] [15] [16] [17] [18] [20] [31] [32] [34] [36] [39] 
- 20 [freq:10] -> [6] [7] [8] [9] [11] [12] [13] [14] [15] [16] [17] [18] [19] [30] [31] [32] [33] [34] [35] [36] [37] [38] [39] [40] 
- 21 [freq:14] -> [2] [3] [4] [5] [6] [10] [22] [23] [24] [25] [26] [27] [28] [29] [30] 
- 22 [freq:11] -> [2] [3] [4] [5] [6] [10] [15] [21] [23] [24] [25] [26] [27] [28] [29] [30] [31] [32] [33] [35] 
- 23 [freq:14] -> [3] [5] [21] [22] [24] [25] [26] [27] [28] [29] [30] [33] 
- 24 [freq:6] -> [3] [4] [5] [6] [10] [15] [21] [22] [23] [25] [26] [27] [28] [29] [30] [31] [32] [33] [35] 
- 25 [freq:1] -> [2] [3] [4] [5] [6] [10] [21] [22] [23] [24] [26] [27] [28] [29] [30] 
- 26 [freq:3] -> [3] [5] [6] [10] [15] [21] [22] [23] [24] [25] [27] [28] [29] [30] [31] [32] [33] [34] [35] [37] 
- 27 [freq:13] -> [3] [5] [6] [15] [21] [22] [23] [24] [25] [26] [28] [29] [30] [31] [32] [33] [34] [35] 
- 28 [freq:2] -> [3] [5] [6] [15] [21] [22] [23] [24] [25] [26] [27] [29] [30] [31] [32] [33] [34] [35] [37] 
- 29 [freq:8] -> [21] [22] [23] [24] [25] [26] [27] [28] [30] [32] [33] [35] 
- 30 [freq:1] -> [2] [3] [4] [5] [6] [10] [13] [15] [20] [21] [22] [23] [24] [25] [26] [27] [28] [29] [31] [32] [33] [34] [35] [37] 
- 31 [freq:11] -> [3] [5] [6] [7] [8] [9] [10] [11] [12] [13] [14] [15] [16] [18] [19] [20] [22] [24] [26] [27] [28] [30] [32] [33] [34] [35] [36] [37] [38] [39] [40] 
- 32 [freq:1] -> [3] [5] [6] [7] [8] [10] [12] [13] [14] [15] [16] [18] [19] [20] [22] [24] [26] [27] [28] [29] [30] [31] [33] [34] [35] [36] [37] [38] [39] [40] 
- 33 [freq:14] -> [3] [5] [6] [13] [15] [18] [20] [22] [23] [24] [26] [27] [28] [29] [30] [31] [32] [34] [35] [36] [37] [38] [39] [40] 
- 34 [freq:7] -> [6] [12] [13] [14] [15] [16] [18] [19] [20] [26] [27] [28] [30] [31] [32] [33] [35] [36] [37] [38] [39] [40] 
- 35 [freq:14] -> [6] [15] [18] [20] [22] [24] [26] [27] [28] [29] [30] [31] [32] [33] [34] [36] [37] [38] [39] [40] 
- 36 [freq:5] -> [15] [16] [17] [18] [19] [20] [31] [32] [33] [34] [35] [37] [38] [39] [40] 
- 37 [freq:6] -> [15] [18] [20] [26] [28] [30] [31] [32] [33] [34] [35] [36] [38] [39] [40] 
- 38 [freq:14] -> [18] [20] [31] [32] [33] [34] [35] [36] [37] [39] [40] 
- 39 [freq:2] -> [6] [12] [13] [15] [16] [17] [18] [19] [20] [31] [32] [33] [34] [35] [36] [37] [38] [40] 
- 40 [freq:1] -> [15] [18] [20] [31] [32] [33] [34] [35] [36] [37] [38] [39] 

Tempo total de execucao: 0 segundos
