Lendo o arquivo: instance_19.txt

Grafo possui 40 nos e 401 arestas! 

Executando algoritmo Guloso...

Interferencia Total: 69.76
Grafo:
- 1 [freq:1] -> [2] [3] [4] [5] [6] [8] [9] [10] [21] [22] [23] [24] [25] [26] [27] [28] [29] [30] 
- 2 [freq:6] -> [1] [3] [4] [5] [6] [7] [8] [9] [10] [13] [14] [21] [22] [23] [25] [26] [27] [28] [29] [30] [35] 
- 3 [freq:14] -> [1] [2] [4] [5] [6] [7] [8] [9] [10] [13] [14] [21] [22] [23] [25] [26] [27] [28] [29] [30] [34] [35] 
- 4 [freq:14] -> [1] [2] [3] [5] [6] [7] [9] [10] [21] [25] [26] [27] 
- 5 [freq:11] -> [1] [2] [3] [4] [6] [7] [8] [9] [10] [21] [25] [26] [27] 
- 6 [freq:13] -> [1] [2] [3] [4] [5] [7] [8] [9] [10] [11] [12] [13] [14] [15] [26] [27] 
- 7 [freq:1] -> [2] [3] [4] [5] [6] [8] [9] [10] [11] [12] [13] [14] [15] [26] [27] 
- 8 [freq:11] -> [1] [2] [3] [5] [6] [7] [9] [10] [11] [12] [13] [14] [15] [17] [18] [20] [21] [22] [23] [26] [27] [28] [29] [30] [31] [32] [34] [35] [37] [38] [39] [40] 
- 9 [freq:7] -> [1] [2] [3] [4] [5] [6] [7] [8] [10] [11] [12] [13] [14] [15] [16] [17] [18] [20] [26] [27] [29] [30] [31] [37] 
- 10 [freq:2] -> [1] [2] [3] [4] [5] [6] [7] [8] [9] [13] [14] [21] [22] [23] [25] [26] [27] [28] [29] [30] [31] [32] [34] [35] [37] 
- 11 [freq:14] -> [6] [7] [8] [9] [12] [13] [14] [15] [16] [17] [18] [20] 
- 12 [freq:5] -> [6] [7] [8] [9] [11] [13] [14] [15] [16] [17] [18] [20] [27] [37] 
- 13 [freq:1] -> [2] [3] [6] [7] [8] [9] [10] [11] [12] [14] [15] [16] [17] [18] [19] [20] [26] [27] [29] [30] [31] [32] [34] [35] [37] [38] [39] [40] 
- 14 [freq:10] -> [2] [3] [6] [7] [8] [9] [10] [11] [12] [13] [15] [16] [17] [18] [19] [20] [26] [27] [29] [30] [31] [32] [34] [35] [37] [38] [39] [40] 
- 15 [freq:6] -> [6] [7] [8] [9] [11] [12] [13] [14] [16] [17] [18] [19] [20] [37] 
- 16 [freq:1] -> [9] [11] [12] [13] [14] [15] [17] [18] [19] [20] [37] 
- 17 [freq:11] -> [8] [9] [11] [12] [13] [14] [15] [16] [18] [19] [20] [26] [27] [29] [30] [31] [32] [34] [35] [37] [38] [39] [40] 
- 18 [freq:2] -> [8] [9] [11] [12] [13] [14] [15] [16] [17] [19] [20] [26] [27] [29] [30] [31] [32] [33] [34] [35] [36] [37] [38] [39] [40] 
- 19 [freq:14] -> [13] [14] [15] [16] [17] [18] [20] [31] [32] [34] [35] [36] [37] [38] [39] [40] 
- 20 [freq:14] -> [8] [9] [11] [12] [13] [14] [15] [16] [17] [18] [19] [31] [32] [34] [37] [38] [39] [40] 
- 21 [freq:10] -> [1] [2] [3] [4] [5] [8] [10] [22] [23] [24] [25] [26] [27] [28] [29] [30] [34] [35] 
- 22 [freq:13] -> [1] [2] [3] [8] [10] [21] [23] [24] [25] [26] [27] [28] [29] [30] [34] [35] 
- 23 [freq:1] -> [1] [2] [3] [8] [10] [21] [22] [24] [25] [26] [27] [28] [29] [30] [34] [35] 
- 24 [freq:14] -> [1] [21] [22] [23] [25] [28] 
- 25 [freq:7] -> [1] [2] [3] [4] [5] [10] [21] [22] [23] [24] [26] [27] [28] 
- 26 [freq:6] -> [1] [2] [3] [4] [5] [6] [7] [8] [9] [10] [13] [14] [17] [18] [21] [22] [23] [25] [27] [28] [29] [30] [31] [32] [34] [35] [37] [40] 
- 27 [freq:14] -> [1] [2] [3] [4] [5] [6] [7] [8] [9] [10] [12] [13] [14] [17] [18] [21] [22] [23] [25] [26] [28] [29] [30] [31] [32] [33] [34] [35] [37] [38] [39] [40] 
- 28 [freq:11] -> [1] [2] [3] [8] [10] [21] [22] [23] [24] [25] [26] [27] [29] [30] [31] [32] [33] [34] [35] [36] [39] [40] 
- 29 [freq:14] -> [1] [2] [3] [8] [9] [10] [13] [14] [17] [18] [21] [22] [23] [26] [27] [28] [30] [31] [32] [33] [34] [35] [36] [37] [38] [39] [40] 
- 30 [freq:4] -> [1] [2] [3] [8] [9] [10] [13] [14] [17] [18] [21] [22] [23] [26] [27] [28] [29] [31] [32] [33] [34] [35] [36] [37] [38] [39] [40] 
- 31 [freq:14] -> [8] [9] [10] [13] [14] [17] [18] [19] [20] [26] [27] [28] [29] [30] [32] [33] [34] [35] [36] [37] [38] [39] [40] 
- 32 [freq:6] -> [8] [10] [13] [14] [17] [18] [19] [20] [26] [27] [28] [29] [30] [31] [33] [34] [35] [36] [37] [38] [39] [40] 
- 33 [freq:11] -> [18] [27] [28] [29] [30] [31] [32] [34] [35] [36] [37] [38] [39] [40] 
- 34 [freq:7] -> [3] [8] [10] [13] [14] [17] [18] [19] [20] [21] [22] [23] [26] [27] [28] [29] [30] [31] [32] [33] [35] [36] [37] [38] [39] [40] 
- 35 [freq:1] -> [2] [3] [8] [10] [13] [14] [17] [18] [19] [21] [22] [23] [26] [27] [28] [29] [30] [31] [32] [33] [34] [36] [37] [38] [39] [40] 
- 36 [freq:10] -> [18] [19] [28] [29] [30] [31] [32] [33] [34] [35] [37] [38] [39] [40] 
- 37 [freq:13] -> [8] [9] [10] [12] [13] [14] [15] [16] [17] [18] [19] [20] [26] [27] [29] [30] [31] [32] [33] [34] [35] [36] [38] [39] [40] 
- 38 [freq:9] -> [8] [13] [14] [17] [18] [19] [20] [27] [29] [30] [31] [32] [33] [34] [35] [36] [37] [39] [40] 
- 39 [freq:6] -> [8] [13] [14] [17] [18] [19] [20] [27] [28] [29] [30] [31] [32] [33] [34] [35] [36] [37] [38] [40] 
- 40 [freq:1] -> [8] [13] [14] [17] [18] [19] [20] [26] [27] [28] [29] [30] [31] [32] [33] [34] [35] [36] [37] [38] [39] 

Tempo total de execucao: 0 segundos
